1001.000000
1001.000000
1001.000000
1001.000000
1001.000000
1001.000000
1001.000000
1001.000000
1001.000000
1001.000000
1001.000000
1001.000000
1001.000000
1001.000000
1001.000000
1001.000000
1001.000000
1001.000000
1001.000000
1001.000000
1001.000000
1001.000000
1001.000000
1001.000000
1001.000000
1001.000000
1001.000000
1001.000000
1001.000000
1001.000000
1001.000000
1001.000000
1001.000000
1001.000000
1001.000000
1001.000000
1001.000000
1001.000000
1001.000000
1001.000000
1001.000000
1001.000000
1001.000000
1001.000000
1001.000000
1001.000000
1001.000000
1001.000000
1001.000000
1001.000000
1001.000000
1001.000000
1001.000000
1001.000000
1001.000000
1001.000000
1001.000000
1001.000000
1001.000000
1001.000000
1001.000000
1001.000000
1001.000000
1001.000000
1001.000000
1001.000000
1001.000000
1001.000000
1001.000000
3648.000000
1001.000000
1001.000000
1001.000000
1001.000000
1001.000000
1001.000000
1001.000000
1001.000000
1001.000000
1001.000000
1001.000000
1001.000000
1001.000000
1001.000000
1001.000000
1001.000000
1001.000000
1001.000000
1001.000000
1001.000000
1001.000000
1001.000000
1001.000000
1001.000000
1001.000000
1001.000000
1001.000000
1001.000000
1001.000000
1001.000000
1001.000000
1001.000000
1001.000000
1001.000000
1001.000000
1001.000000
1001.000000
1001.000000
1001.000000
1001.000000
1001.000000
1001.000000
1001.000000
