1001.000000
3255.000000
3157.000000
3388.000000
3144.000000
1350.000000
3275.000000
2987.000000
3015.000000
2841.000000
3520.000000
3078.000000
3062.000000
3312.000000
3088.000000
3058.000000
3271.000000
3126.000000
3372.000000
3218.000000
3301.000000
3413.000000
1132.000000
3323.000000
1292.000000
1288.000000
3510.000000
3676.000000
3489.000000
3411.000000
3295.000000
3248.000000
3148.000000
2661.000000
3268.000000
3349.000000
2932.000000
3187.000000
1273.000000
2768.000000
3318.000000
3136.000000
3035.000000
3193.000000
3151.000000
3163.000000
3068.000000
3445.000000
1210.000000
1339.000000
3416.000000
3186.000000
3466.000000
1039.000000
3120.000000
3204.000000
3378.000000
3375.000000
3168.000000
3188.000000
3139.000000
3053.000000
3304.000000
2883.000000
3157.000000
2915.000000
1225.000000
3219.000000
3154.000000
3324.000000
3377.000000
3277.000000
3231.000000
3114.000000
3319.000000
3033.000000
3041.000000
3017.000000
2828.000000
3580.000000
3179.000000
3356.000000
3540.000000
3588.000000
3149.000000
3293.000000
2995.000000
