0.134418
0.369796
0.832792
0.471118
0.129523
0.333059
0.342072
0.558509
0.116468
0.247148
0.605685
0.513996
0.138528
0.279248
0.298507
0.287907
0.146071
0.389045
0.484957
0.296666
0.143421
0.527247
0.227173
0.350697
0.118730
0.247514
0.371432
0.476699
0.156460
0.638773
0.575136
0.316993
0.145396
0.575502
0.413043
0.568248
0.167815
0.437008
0.423892
0.589700
0.136192
1.151776
0.385471
0.386764
0.175254
0.349010
0.280978
0.406665
0.147969
0.456534
0.697004
0.639287
0.142300
0.361994
0.237812
0.558895
0.132952
0.363465
0.375618
0.491967
0.145518
0.267501
0.449445
0.534793
0.168147
0.426251
0.617231
0.821116
0.127139
0.242923
0.764303
0.581499
0.123419
0.430152
0.546523
0.484705
0.135335
0.289605
0.420578
0.489740
0.147681
0.452632
0.332007
0.604937
0.165210
0.202735
0.568264
0.307510
0.159687
0.324465
0.362301
0.416627
0.146180
0.456908
0.507730
0.322131
0.164250
0.633188
0.397033
0.598230
0.160437
0.438131
0.781706
0.399362
0.155025
0.448680
0.403586
0.492940
0.164088
0.269595
0.387705
0.924778
0.167465
0.329090
0.603042
0.597059
0.127482
0.242961
0.450240
0.436831
0.136625
0.363940
0.416699
0.338608
0.121780
0.234580
0.297930
0.539323
0.159796
0.234968
0.339079
1.349472
0.148070
0.383061
0.362786
0.593205
0.162109
0.323638
0.276732
0.348613
0.110701
1.874231
0.510879
0.461600
0.146278
0.192247
0.312773
0.446548
0.150230
0.439634
0.306900
0.748212
0.129425
0.245235
0.688908
0.317202
0.139123
1.497311
0.292910
0.311032
0.149333
0.335916
0.697600
0.626368
0.157035
0.463328
0.703766
0.336580
0.169395
0.882084
0.585075
0.517195
0.109956
0.342892
0.550618
0.271218
0.154114
0.324349
0.523109
0.556072
0.159023
0.359679
0.556472
0.757765
0.367411
0.418570
0.893297
0.420838
0.137162
1.073784
1.167916
0.761946
0.143297
0.336333
0.472982
0.427754
0.176681
0.392334
0.887261
0.560230
0.127389
0.417355
0.394337
0.404809
0.144921
0.305791
0.665864
0.459293
0.147867
0.210895
0.440096
0.428302
0.154802
0.421741
0.626629
0.419163
0.152339
0.375503
0.981700
0.360182
0.165770
0.353376
0.406731
0.264288
0.141367
0.361098
0.379314
0.498795
0.155146
0.375555
0.323893
0.477834
0.133205
0.314932
0.485583
0.270105
0.159878
0.333250
0.615174
0.680422
0.157095
0.462406
0.595799
0.429653
0.139189
0.391750
0.548575
0.403024
0.375936
0.283551
0.757616
0.409713
0.159219
0.199634
0.427610
0.335604
0.150202
0.308992
0.428161
0.294727
0.144898
0.626518
0.797438
0.298462
0.158121
0.265384
0.456849
0.496984
0.143762
0.286139
0.612696
0.277157
0.140979
0.333910
0.426468
0.571680
0.153535
0.343294
0.257235
0.258417
0.155648
0.308390
0.565834
0.624111
0.136470
0.528378
0.919863
0.418827
0.132687
0.317900
1.061838
0.504316
0.126743
0.401410
0.352160
1.390796
0.155058
0.282171
0.467779
0.384201
0.152403
0.454954
0.624743
0.465850
0.167478
0.715551
0.268243
0.481039
0.155041
0.316188
0.390302
0.735363
0.182381
0.310327
0.353783
0.471772
0.173927
0.384718
0.518774
0.405179
0.133694
0.238593
0.267259
1.063952
0.148686
0.339541
0.341278
0.399477
0.189166
0.389652
0.830172
0.756492
0.136689
1.106396
0.812389
0.550690
0.137191
0.352751
0.616016
0.248721
0.138324
0.717000
0.506010
0.473649
0.181585
0.965149
0.507073
0.486686
0.135395
0.422136
0.312452
0.419468
0.150791
0.313549
0.254944
0.688287
0.135204
0.600794
0.491400
0.292207
0.133876
0.302345
0.917095
0.454594
0.116335
0.382990
0.424028
0.469730
0.139025
0.514702
0.363055
0.439618
0.148038
0.466803
0.303425
0.234565
0.171125
0.284403
0.518237
0.514672
0.129399
0.416275
0.414837
0.459892
0.143076
0.550980
0.443530
0.502984
0.148615
0.490146
0.431225
0.439306
0.155902
0.565550
0.427268
0.213690
0.138935
0.453130
0.518827
0.333659
0.136180
0.170270
0.454368
0.396634
0.145878
0.776179
0.748605
0.660060
0.153865
0.366559
0.828977
0.503182
0.124905
0.863586
0.290201
0.639870
0.156433
0.215557
0.346009
0.451937
0.234362
0.669789
0.581793
0.381694
0.125917
0.975180
0.522492
0.410887
0.167616
0.553417
0.362236
0.552361
0.139014
0.396777
0.384934
0.449695
0.154667
0.291592
0.297976
0.394827
0.148928
0.629208
0.247132
0.337795
0.186673
0.746876
0.331053
0.351809
0.115728
0.610582
0.433618
1.248812
0.165006
0.602757
0.545625
0.594103
0.143125
0.391980
0.543715
0.305518
0.148489
0.414528
0.449039
0.581754
0.150913
0.245674
0.333500
0.503358
0.159139
0.590073
0.484306
0.316320
0.172100
0.375563
0.271991
0.282594
0.156579
0.620369
0.867916
0.372005
0.172565
0.325656
0.915262
0.709606
0.145542
0.426668
0.334931
0.504186
0.153099
0.569930
0.425540
0.510993
0.129411
0.263556
0.637806
0.534020
0.130157
0.383612
0.322650
0.328099
0.134912
0.265564
0.432577
0.805167
0.135285
0.439529
0.393428
0.387680
0.141875
0.236470
0.432064
0.350861
0.149889
0.309104
0.383357
0.551874
0.145808
0.384465
0.547606
0.473373
0.145614
0.413004
0.258821
0.344705
0.124632
0.714663
0.324050
0.830458
0.138986
0.317658
0.377161
0.338125
0.164972
1.036983
0.375455
0.353723
0.151996
0.461124
0.326524
0.353782
0.131967
0.865267
0.364390
0.439917
0.127744
0.370978
0.585551
0.525219
0.162743
0.340578
0.488061
0.352115
0.153044
0.675485
0.272451
0.531630
0.141791
0.336078
0.289062
0.569899
0.144647
0.654524
0.468084
0.322190
0.118018
0.255484
0.454689
0.438350
0.162633
0.379074
1.024772
0.426675
0.163590
0.244454
0.343258
0.362179
0.135736
0.272959
0.263573
0.421587
0.142179
0.289037
0.466335
0.320380
0.160319
0.474852
0.281976
0.325101
0.130999
0.283423
0.783485
0.306877
0.127825
0.317378
0.502953
0.564671
0.150008
0.729845
0.578136
0.525735
0.139978
0.210270
0.537292
0.388145
0.175491
0.370711
0.815042
0.271864
0.167475
0.466268
0.638150
0.408099
0.138151
0.460547
0.334275
0.554581
0.168481
0.502277
0.529677
0.724183
0.138366
0.439232
0.336902
0.390078
0.182851
0.250813
0.418569
0.381464
0.111860
0.365946
0.650180
1.137830
0.162192
0.266192
0.500037
0.349122
0.151542
0.460281
0.473769
0.457300
0.154307
0.386634
0.347403
0.412296
0.147010
0.433509
0.299377
0.399528
0.485347
0.609703
0.341649
0.447860
0.162499
0.263129
0.277483
0.451160
0.139811
0.382683
0.885482
0.661592
0.157442
0.370875
0.460539
0.527007
0.154008
0.601333
0.257171
0.397657
0.119432
0.157458
0.780691
0.418575
0.148657
0.476886
0.563493
0.354059
0.154553
0.413018
0.526405
0.430311
0.130387
0.585757
0.215406
0.632477
0.137882
0.426759
0.408388
0.412969
0.141652
0.507172
0.415180
0.421677
0.139885
0.454343
0.768469
0.798315
0.135521
0.646414
0.278131
0.419710
0.161556
0.400166
0.363188
0.598544
0.130329
0.385510
0.361651
0.299171
0.151596
0.337860
0.260040
0.547354
0.139245
0.222777
0.355146
0.416012
0.132456
0.520783
0.389174
0.354778
0.155598
0.341985
0.499946
0.271712
0.136204
0.262290
0.733420
1.302463
0.124591
0.162996
0.504600
0.504007
0.439080
0.416310
0.646543
0.416734
0.159215
0.416859
0.375536
0.619266
0.160175
0.401658
0.530262
0.242718
0.150465
0.313550
0.366159
0.227033
0.133488
0.270803
0.524003
0.181014
0.143145
0.407223
0.519424
0.306378
0.129813
0.736090
0.473423
0.455472
0.144289
0.366343
0.346674
0.543635
0.143535
0.264165
0.416370
1.087740
0.122886
0.281814
0.350200
0.393954
0.177285
0.263340
0.445598
0.379453
0.163992
0.641615
0.362583
0.362527
0.144367
0.378199
0.299794
0.705938
0.151975
0.975246
0.446730
0.352481
0.149202
0.561521
0.382973
0.390950
0.172839
0.621967
0.425482
0.237175
0.155348
0.469512
0.655292
0.662385
0.143408
0.907112
0.330230
0.320995
0.151959
0.233158
0.439030
0.425283
0.119406
0.468012
0.836511
0.466505
0.159886
0.245790
0.555705
0.582801
0.145844
0.370026
0.588130
0.492459
0.156182
0.516176
0.282106
0.747504
0.145420
0.430777
0.395948
0.382540
0.180411
0.401004
0.587285
0.550897
0.153076
0.373132
0.584785
0.401964
0.165165
0.244515
0.581841
0.752246
0.157808
0.226162
0.527257
0.413222
0.157407
0.307335
0.448222
0.386434
0.135265
0.393862
0.635005
0.629238
0.159408
0.335825
0.466763
0.740886
0.146741
0.420243
0.673516
0.397884
0.138985
0.800850
0.608292
0.589921
0.177293
0.402060
0.211166
0.489675
0.160594
0.394675
0.255519
0.777715
0.137568
0.369066
0.397627
0.199779
0.174613
0.468854
0.335699
0.615730
0.144087
0.531614
0.397099
0.757606
0.152960
0.312921
0.371202
0.436529
0.149462
0.213989
0.644309
0.434775
0.163739
0.387655
0.515015
0.458607
0.173847
0.863730
0.515678
0.553944
0.144114
0.222388
0.435558
0.472458
0.176931
0.772924
0.620290
0.431908
0.150821
0.294865
1.105540
1.092971
0.130025
0.419329
0.274078
0.390830
0.136196
0.644099
0.427882
0.635199
0.139552
0.542246
0.468179
0.300169
0.169314
0.464076
0.315551
0.306242
0.149411
0.296111
0.573337
0.442246
0.166620
0.489770
0.407813
0.479204
0.146654
0.377731
0.574165
0.536085
0.168514
0.616940
0.314187
0.353530
0.143695
0.270124
0.363049
0.568893
0.171090
0.375011
0.314893
0.749549
0.126263
0.226531
0.371277
0.356773
0.159837
0.587623
0.561543
0.523520
0.162619
0.286544
0.318343
0.451387
0.136587
0.252254
0.434044
0.395162
0.150014
0.702193
0.449945
0.712844
0.164194
0.582205
0.393709
0.395118
0.138758
0.389256
0.401032
0.439741
0.154706
0.345569
0.942419
0.588723
0.141934
0.279830
0.297479
0.354719
0.156688
0.447201
0.315317
0.947904
0.165130
0.307099
0.315151
0.513873
0.146348
0.318601
0.248765
0.542135
0.189503
0.247034
0.454853
0.792194
0.179045
0.348504
0.346390
0.910247
0.141837
0.595508
0.394901
0.964705
0.175295
0.694378
0.674320
0.553265
0.154184
0.377397
0.527628
0.372184
0.144362
0.236205
0.591215
0.364700
0.165159
0.328111
0.398710
0.356606
1.051536
0.264317
0.518892
0.834962
0.153447
0.290850
0.379103
0.387966
0.159899
0.445070
0.404657
0.641305
0.153700
0.849540
0.520184
0.507186
0.153774
0.388958
0.340562
0.414410
0.141971
0.400023
0.606451
0.356263
0.160619
0.374661
0.496891
0.338041
0.125234
0.575982
0.409481
0.768711
0.353420
0.501702
0.275635
0.734582
0.161141
0.558152
0.929550
0.426849
0.130253
0.492456
0.734908
0.403381
0.129719
0.449515
0.493666
0.825897
0.609693
0.566721
0.603317
0.512493
0.126894
0.210329
0.381956
0.635351
0.140972
0.553297
0.306613
0.489738
0.159687
0.535107
0.405755
0.370621
0.131032
0.517222
0.744635
0.377255
0.149940
0.485532
0.393819
0.604856
0.134717
0.314018
0.523156
0.407332
0.146998
0.528310
0.358884
0.325955
0.143216
0.485924
0.477192
0.444888
0.130386
0.245147
0.323833
0.375456
0.145957
0.318671
0.527375
0.310228
0.128444
0.479818
0.400004
0.633796
0.175546
0.419210
0.314676
0.405855
0.141021
0.542615
0.455077
0.677665
0.172906
0.578217
0.263336
0.264502
0.165747
0.359081
0.756693
1.255986
0.141848
0.635259
0.310696
0.396135
0.153113
0.307337
0.772159
0.403134
0.143508
0.489480
0.576888
0.335690
