1.828028
0.606121
140.780859
0.640739
1.668834
0.598823
144.985022
0.636992
2.001775
0.600828
140.419560
0.613949
2.290952
0.585006
136.704364
0.647803
1.952588
0.592879
137.063325
0.631560
2.035915
0.614356
142.844775
0.644538
2.128875
0.601373
142.811189
0.647355
1.944514
0.602508
142.290326
0.632772
1.975865
0.628099
133.908142
0.646798
1.949976
1.681617
130.598556
2.290621
1.954038
0.603429
141.096299
0.631598
2.385462
0.597121
140.999951
0.630981
1.967982
0.599903
141.289343
0.617436
1.747936
0.598062
134.332779
0.623852
1.745866
1.850782
146.070385
2.205951
1.719946
2.310890
145.662950
2.340537
1.919806
0.595176
141.397584
0.628107
2.080060
0.589970
142.191496
0.636746
1.736891
0.617218
138.415087
0.623957
1.924840
0.597437
141.568043
0.630155
2.061149
0.599003
140.385113
0.634187
1.846904
0.626899
145.802004
0.634308
1.938117
0.617923
142.462681
0.625735
1.768065
0.626896
143.077147
0.635478
2.681810
0.610654
133.495788
0.636612
1.963352
0.601318
134.635150
0.618766
2.103472
0.619329
144.635097
0.630646
1.732265
2.133622
139.926071
2.695507
1.778644
0.615998
143.621773
0.633988
1.895007
0.619971
140.803028
0.629052
1.943150
0.601259
147.456578
0.636049
2.339174
0.582328
137.341261
0.642609
2.366582
0.606395
133.655234
0.625786
1.704401
0.618080
141.477115
0.632728
1.858033
1.901735
138.201290
2.110997
1.835394
0.619681
142.440265
0.633767
1.733124
0.632404
143.426409
0.637963
2.443562
1.758848
136.683778
2.493424
1.903483
0.602581
135.787426
0.646856
1.873857
0.618389
140.682038
0.628508
1.898511
0.599293
143.309588
0.631349
2.037490
0.615070
145.075768
0.664724
1.824320
0.610523
150.332035
0.642295
1.920360
0.610115
135.238344
0.618124
1.812419
2.187870
132.167169
2.115262
2.052431
0.624414
144.597798
0.645815
1.516737
0.625329
140.551229
0.630811
2.102784
0.601772
145.615106
0.630523
1.832925
0.613101
131.817621
0.625981
1.826467
0.613789
143.562993
0.640915
1.828132
0.614932
138.576198
0.638310
1.721366
0.626623
139.943991
0.639631
1.934692
0.604030
139.096981
0.638845
1.953690
2.050708
148.105201
2.432198
1.760798
1.932878
116.975639
1.867979
1.664529
0.609372
131.092573
0.632563
1.877311
0.606910
135.273800
0.641649
1.935757
0.614550
143.912272
0.630410
1.646288
0.604582
139.693985
0.631725
1.901828
0.599723
129.842262
0.643584
2.088755
0.605509
130.463298
0.641989
2.008737
0.607559
137.287415
0.632843
1.870356
0.609226
143.201531
0.634874
1.728174
0.614829
139.502429
0.638725
1.654951
1.979540
130.600568
2.219399
1.789028
2.045668
146.921130
1.894132
1.823554
0.614749
136.525575
0.646834
1.935339
2.185888
132.160938
2.657916
1.615887
0.618575
141.911754
0.638093
2.015640
0.584714
141.273166
0.642777
1.854693
0.612553
134.675409
0.629905
1.808922
0.636764
137.671575
0.644326
1.885110
0.616923
140.165786
0.629156
1.832157
0.602084
139.260564
0.655687
2.330802
0.577582
138.203891
0.637791
1.620965
0.612882
141.234134
0.637273
1.810747
0.623255
142.416090
0.620827
1.820613
0.614008
138.623914
0.622093
1.626103
0.617155
143.981568
0.635166
1.748720
0.605245
139.704114
0.638626
2.038340
0.609088
136.483257
0.630808
1.860221
0.607581
143.461035
0.633794
1.835030
0.590470
136.491252
0.638603
1.970778
0.614971
140.728556
0.622121
1.838433
1.847731
140.830007
2.189822
2.231398
0.592028
139.026078
0.624449
1.708005
2.173995
136.916882
2.104776
3.059378
0.600053
143.159788
0.625646
1.917801
0.605235
148.210193
0.636523
1.692351
0.603041
138.854002
0.634416
1.940181
1.983209
140.103930
1.921468
1.650936
1.856933
139.520877
1.984018
1.691120
0.618793
141.617415
0.623006
1.630336
0.618522
141.356594
0.619821
1.664706
0.608637
142.178672
0.638202
1.879288
0.641155
142.142212
0.646281
1.756093
0.626272
141.985397
0.644047
1.705005
0.649953
133.343776
0.630433
2.118017
0.606435
132.684263
0.609309
2.257821
0.582706
135.448860
0.626717
2.072159
0.627882
136.400863
0.632583
1.692870
0.589333
133.931510
0.620971
1.803630
0.605965
139.252606
0.630445
1.553248
0.611781
132.416372
0.643181
2.396880
0.577898
137.961303
0.611726
1.765651
0.643163
130.577251
0.648883
2.049241
0.586786
150.090829
0.782456
1.761394
0.630714
134.555244
0.618825
1.572412
0.609663
134.984729
0.643071
1.983945
0.607151
135.986885
0.637365
2.428328
0.581306
140.261492
0.624142
2.119386
0.591011
139.951966
0.632309
2.243831
0.591486
145.309947
1.338990
1.632107
0.615147
140.149731
0.637488
2.269646
0.589557
144.062841
0.635106
2.301196
0.612355
136.997775
0.630939
1.738755
0.602163
139.830528
0.638204
1.728284
0.599693
142.207558
0.634288
2.094156
0.593418
137.786069
0.643652
1.709466
0.615966
142.912812
0.624075
1.867839
0.609713
147.453664
0.664246
1.769785
2.185942
131.117385
1.856097
1.637996
0.637755
145.437412
0.633529
2.082139
1.729079
86.900999
1.735966
2.133898
1.963314
142.795653
1.872208
1.875554
0.614736
141.681961
0.624214
1.509608
0.622350
138.535790
0.652815
2.018753
0.619231
148.475246
0.636872
1.816541
0.616495
139.674570
0.636172
1.955550
1.776891
134.744972
2.029042
1.869218
0.614889
135.256048
0.631495
1.781239
0.618138
145.766090
0.661353
1.940901
1.818001
142.852560
2.084607
1.816188
2.068986
142.548332
2.261227
1.963100
0.600441
139.137924
0.633982
2.246316
0.589983
134.197682
0.623680
2.258949
1.675144
139.135800
2.144030
1.619160
0.625806
139.679629
0.621620
2.063199
0.609181
139.598464
0.629269
1.932072
0.589309
134.382165
0.608749
2.065662
0.627729
137.292696
0.638300
2.411996
0.588727
145.114897
0.637557
2.271037
0.631836
149.473320
0.642303
2.584006
0.579030
130.520793
0.634781
1.948459
0.612951
142.752356
0.629570
2.082957
0.610177
145.636607
0.625422
1.731681
0.618997
138.431251
0.635411
1.778108
0.629429
148.623264
0.643036
1.786750
0.610023
134.265040
0.621701
1.699527
0.598874
139.096978
0.647078
2.014858
0.617330
132.934938
0.639187
2.071703
0.593290
140.508722
0.634638
2.163390
0.620133
136.374640
0.634457
1.885997
0.589454
134.708850
0.644490
1.794012
0.605734
135.707962
0.628899
1.943557
0.607286
130.129996
0.627586
1.853083
0.631773
137.342670
1.327189
1.862928
1.737826
145.478864
2.288533
2.170036
0.601129
143.011769
0.637709
1.866605
0.771913
128.957071
2.176737
1.918017
0.593554
141.613706
0.625528
1.883934
0.609017
146.345991
0.617924
2.267425
1.948643
141.255840
2.505515
1.872296
0.596482
148.588046
0.642973
2.020568
0.575641
143.804724
0.645951
2.028494
0.612743
139.195891
0.626330
2.874181
1.579563
134.769144
1.985234
2.030338
0.609789
138.365164
1.452529
2.112103
0.608368
131.276388
0.615057
2.510788
0.620337
135.166736
0.655499
2.110058
0.582469
145.659570
0.634249
1.860797
0.610104
142.768443
0.637362
1.684476
0.607893
135.878433
0.612617
1.788962
0.618045
144.256438
0.640911
1.717542
0.638243
146.768397
0.633144
2.075102
0.586248
133.383330
0.642638
1.699199
0.607663
142.059032
0.624571
1.918012
0.592856
130.523555
0.626084
1.792063
0.618875
138.330777
0.660362
1.715483
0.586712
133.896146
0.635777
1.975870
0.587586
136.217121
0.636973
1.625598
0.610650
133.579467
0.631126
1.805998
0.607222
139.569808
0.650926
2.023417
1.638348
140.827721
2.626765
2.296702
0.597154
131.377381
0.644286
1.808982
0.602806
143.402503
0.637652
2.056690
0.606409
141.630907
0.616019
1.954191
0.567812
137.098556
0.643997
1.730560
0.614220
140.907092
0.640472
1.752887
2.070821
142.180298
2.348071
1.751676
2.210903
147.679779
2.185490
1.945461
0.616893
137.965738
0.643336
1.838600
0.590198
145.908384
0.630327
1.818963
0.600574
141.763686
0.624805
1.625080
0.603108
142.928122
0.634501
1.632942
2.069572
141.038618
2.228541
1.841041
0.619541
144.910474
0.647048
1.691556
0.622188
132.741245
0.638500
2.154446
0.602321
144.861031
0.634948
1.672775
0.611723
141.568819
0.631636
2.022190
0.602229
130.870000
0.632360
1.596943
0.608680
134.628154
0.646714
1.881156
2.035716
144.913613
2.165245
1.823227
0.608206
149.167145
0.653787
1.893619
0.618015
139.220059
0.626499
1.748296
0.585856
144.061486
0.635934
1.645383
0.624622
141.926214
0.643210
2.102576
0.594927
145.996427
0.624822
1.927013
0.611089
135.465910
0.647320
2.088292
1.656708
134.457677
2.122842
1.771124
0.615876
130.954839
0.644215
1.957710
0.613183
143.112373
0.645658
