1329.000000
1203.000000
1184.000000
1302.000000
2819.000000
1032.000000
2824.000000
2819.000000
1001.000000
1221.000000
2652.000000
1092.000000
1001.000000
2898.000000
1231.000000
1189.000000
2676.000000
1304.000000
1252.000000
2815.000000
1235.000000
1265.000000
3002.000000
1434.000000
1185.000000
2683.000000
1241.000000
2771.000000
2990.000000
1249.000000
1128.000000
1084.000000
1249.000000
1140.000000
2962.000000
1279.000000
2936.000000
1019.000000
1225.000000
1107.000000
1145.000000
1001.000000
1516.000000
1177.000000
1049.000000
1001.000000
1112.000000
1249.000000
1244.000000
1084.000000
1292.000000
1001.000000
1294.000000
1098.000000
2799.000000
1302.000000
1007.000000
1202.000000
1166.000000
1177.000000
1001.000000
1085.000000
1333.000000
2757.000000
1159.000000
1278.000000
1143.000000
1105.000000
1229.000000
1001.000000
1197.000000
2651.000000
1237.000000
1224.000000
1025.000000
1048.000000
3003.000000
1382.000000
1001.000000
1251.000000
2796.000000
1012.000000
1064.000000
1247.000000
1355.000000
1216.000000
1011.000000
1243.000000
1029.000000
1230.000000
1059.000000
1050.000000
1157.000000
1001.000000
1234.000000
2699.000000
1001.000000
1127.000000
1024.000000
1001.000000
