0.605264
1.697867
2.154092
1.869620
0.603538
1.697810
1.840884
1.922810
0.604260
1.675946
2.087986
1.897079
0.636359
1.523474
1.821429
1.888509
0.601617
1.845396
2.075225
1.862308
0.602522
1.778167
1.735732
1.935140
0.600035
1.691138
1.870579
2.049291
0.601952
1.946269
2.259046
1.816028
0.615937
1.968134
1.667186
2.164810
0.593727
2.037927
1.789176
2.017610
0.588573
2.307082
1.802744
2.086209
0.650763
1.769979
1.757545
2.006367
0.606236
1.845599
1.962777
2.127510
0.636039
1.724465
1.665463
2.272063
0.608411
1.952328
1.855870
1.901795
0.615377
1.581546
1.768957
1.984445
0.585633
2.102504
1.951467
2.137253
0.601177
1.672841
2.003367
1.982321
0.591572
1.819084
1.914475
1.920724
0.655731
1.560018
1.960429
1.864194
0.625584
1.824265
1.729161
2.156056
0.608379
1.602215
2.011996
1.845044
0.599543
2.023869
1.952727
1.753656
0.627633
1.951028
2.039843
1.825748
0.605955
2.033344
1.881670
2.073943
0.589815
2.063607
2.105703
1.812740
0.608617
2.047980
1.878813
1.812063
0.633412
1.790933
2.008146
1.889195
0.630697
1.753995
2.017990
1.965471
0.608698
1.715016
1.803756
1.919249
0.609114
1.924680
1.773606
2.061219
0.612983
1.491567
1.760547
2.010738
0.619328
1.579609
1.745084
2.228573
0.619119
1.803784
1.933900
2.023923
0.597393
1.932340
1.689930
1.944662
0.562636
3.289419
2.045428
1.945338
0.608059
1.617423
1.803269
1.944842
0.603618
1.949857
1.869969
2.079315
0.613334
1.708836
2.017142
1.868611
0.584556
2.446447
1.833330
1.855878
0.615822
1.722856
2.075943
2.048331
0.610647
2.057729
2.059658
1.752260
0.606245
2.336658
2.112998
1.808742
0.594657
1.825392
2.039378
1.693487
0.633679
1.648543
1.761179
2.012896
0.586074
2.159388
2.189576
2.136276
1.762380
2.218506
2.102677
2.032689
0.597765
2.009322
2.163904
1.885914
0.614712
1.891302
1.807433
1.882999
0.632630
1.968568
2.107718
1.980407
0.592380
1.964175
1.861115
1.805073
0.604200
1.864888
1.967575
2.103017
0.598431
1.665745
2.027738
1.899274
0.616480
1.851591
2.072754
1.834005
0.612373
1.857739
2.189788
1.792518
0.585611
1.938303
2.008690
1.634378
0.597598
2.203222
1.923025
1.894483
0.620600
1.874336
1.824732
1.927877
0.618236
1.745649
1.953775
1.753284
0.605363
1.774286
2.192596
1.933238
0.614704
2.151299
1.975857
2.029649
0.632177
1.615501
2.029363
1.813787
1.944301
1.740818
2.059770
1.795571
0.617360
1.639616
2.040849
1.742181
0.614580
1.864242
2.088301
1.767250
0.625498
1.919092
2.047318
1.674818
0.607572
1.752450
1.816986
1.995058
0.621146
1.695203
2.255779
1.582301
0.623317
1.647434
1.882029
2.020163
0.603903
1.800807
1.781841
1.870573
0.632057
1.691526
1.976811
1.910512
0.590881
2.128862
2.140158
1.877519
0.634277
1.653724
2.256812
1.881550
0.602972
1.861765
1.696870
2.415317
0.593910
1.714745
1.939525
1.871201
0.596871
1.946290
2.028376
1.854574
0.588039
2.375246
1.884381
1.824050
0.620807
1.648807
1.785395
2.078752
0.644847
1.884992
1.861123
2.045771
0.622177
1.887091
2.038392
1.833878
0.604107
1.602787
1.660259
2.626073
0.581301
2.074115
1.847315
1.836750
0.643447
1.732054
2.189767
2.120112
0.604174
2.277488
2.145472
1.902023
0.613195
1.773074
2.116097
1.684199
0.595813
2.240711
2.003729
1.960960
0.598797
2.173295
1.864920
2.181546
0.616204
1.973013
1.815410
1.978461
0.597348
1.910722
1.613803
2.193049
0.623861
1.806594
1.952374
1.884275
0.598200
1.998225
2.128759
1.845975
0.620292
1.886861
2.002070
1.987957
0.602696
2.062153
1.858686
1.942032
0.622532
1.770797
1.756144
1.784783
0.631129
1.819353
1.993786
1.851584
0.592438
1.975562
1.769506
1.870787
0.623241
2.080840
1.817555
2.170320
0.610643
1.745206
1.906977
1.954022
0.627869
1.997827
1.998969
1.650326
0.602931
1.869010
1.974136
1.826970
0.609858
1.582766
1.851237
1.779061
0.610799
2.019246
2.159807
1.919085
0.612901
1.696222
2.205887
1.809905
0.573065
2.415495
1.779189
1.975059
0.586703
2.039738
1.808467
1.945201
1.826424
2.043138
1.969899
1.978326
0.598678
2.288953
1.799577
2.167886
0.611785
2.142005
1.800003
2.029434
0.614293
2.113789
1.839692
2.042208
0.625122
1.768708
1.803097
1.853995
0.621807
2.122005
1.708184
1.869008
0.608915
2.435199
1.835366
1.836292
0.611001
1.988553
1.782365
2.494601
0.595780
2.296010
2.072194
2.026681
0.599052
1.822077
1.915693
1.779589
0.615913
1.742165
1.853539
2.036825
0.620454
1.795859
1.998470
1.988920
0.603251
2.525837
2.005215
1.740822
0.598843
1.827836
1.804839
1.739056
0.606813
2.218108
2.064133
1.948036
0.626551
1.794477
2.261334
1.968784
0.576214
1.776379
1.713755
2.088261
0.609304
2.072710
1.847982
2.119780
0.621281
1.651327
2.040475
2.006160
0.577600
1.989148
1.721837
1.750919
0.617485
1.835198
1.737934
2.146620
0.607472
1.905971
1.800551
2.170029
0.619642
1.661563
1.920041
1.812359
0.599615
1.815091
1.930789
2.012043
0.606447
1.831965
1.987832
2.040747
0.608327
2.314427
1.781926
1.848611
0.603839
2.452072
1.827134
2.079923
0.612761
1.781761
1.956965
1.864138
0.611103
2.093367
1.875841
1.797620
0.595663
1.972525
1.831218
2.043296
0.591698
2.255420
1.976012
1.986316
0.613575
2.027165
2.163000
1.947353
0.618694
1.802427
1.874583
1.894616
0.587608
2.177243
1.845593
1.948920
0.619858
1.677626
1.710111
1.951692
0.597071
2.229382
1.910936
1.937822
0.612616
1.725670
1.897363
2.026272
0.620905
2.013429
2.147287
1.883743
0.636514
1.655381
1.955427
1.667312
0.604966
1.754652
1.842555
1.912883
0.631060
1.658924
1.998330
1.768867
0.601696
2.059666
1.788297
1.888607
0.624269
1.889982
2.123592
1.734454
0.602069
1.717331
2.021480
1.975659
0.614711
2.181661
1.968114
2.045747
0.630760
1.597981
1.901566
1.892344
0.609577
1.781654
2.185078
1.756501
0.619740
1.844304
2.044799
1.742162
0.604725
1.785455
1.927396
1.920835
0.614632
2.015930
1.902125
2.107880
0.606602
1.889887
1.793670
1.974690
0.650076
1.839972
1.848620
2.004994
0.599070
1.870500
1.985631
2.322242
0.605960
1.782334
1.921225
1.754631
0.600656
1.938550
1.863735
1.917652
0.603950
1.996160
1.832381
1.932461
0.606050
2.009512
1.735808
2.023365
2.195273
1.799634
1.786472
2.088697
0.621323
1.854252
1.652601
2.260866
0.591568
2.166587
2.248205
1.958207
0.589534
2.237818
1.796840
2.129977
0.613108
1.916761
1.824376
1.760329
0.586034
1.655082
2.020055
1.941772
0.593705
1.884785
1.859845
1.856385
0.582580
2.140634
1.856873
1.885477
0.597973
1.920874
1.689897
2.115219
0.595572
1.882057
1.962243
1.936737
0.608404
1.952769
2.013611
1.735151
0.596781
1.872426
1.976363
2.121021
0.603526
2.337608
1.720861
1.993847
0.615477
2.361435
1.691635
2.338579
0.599910
2.019488
2.018450
1.698358
0.608218
2.065610
1.842642
1.902066
0.618630
1.634605
1.809438
1.975511
0.594224
2.183842
1.988384
1.776840
0.608631
1.732775
2.112214
1.654827
0.602074
1.792744
1.855063
2.635481
0.625454
1.521812
1.985040
2.015300
1.833697
1.856516
2.133929
1.901720
0.624858
1.950827
1.946855
2.003026
0.591128
1.848618
1.989154
1.893511
0.621789
1.837507
1.689793
1.770362
0.614439
1.649993
2.099913
1.622280
0.594317
1.866069
2.280771
1.802692
0.579417
2.374769
2.022027
1.839949
0.598019
1.801580
1.784660
2.010342
0.598850
1.768228
1.693872
2.148222
0.592551
1.761852
1.849755
1.943740
0.619816
1.835728
1.974058
2.001201
0.612771
2.295725
1.780395
1.910323
0.622210
1.764544
1.753186
2.032895
0.604561
2.659894
1.878613
1.849993
0.602924
2.260200
1.928998
1.837548
0.601875
2.405889
2.101873
1.642099
0.618460
1.723824
1.907172
2.098469
0.591550
2.208703
1.897306
1.768970
0.608886
1.710061
1.932825
1.983893
0.599864
1.900424
2.061010
1.813996
0.618981
1.748822
1.858376
2.060260
0.607690
1.840412
2.177740
1.816384
0.599872
1.856556
1.704798
2.015707
0.626170
1.682863
1.967326
1.879375
0.601953
1.937182
2.034411
1.941546
0.596424
2.127257
1.782582
2.010271
0.602423
1.845984
2.004818
2.038011
0.576782
2.154514
2.018146
1.787228
0.620841
1.790847
1.816259
1.971838
0.602898
1.715012
2.128906
1.901151
0.614561
1.932070
1.788866
2.213608
0.609941
1.882857
2.160929
1.789684
0.591856
2.269739
2.186901
1.886803
0.616442
1.810830
1.595517
2.058730
0.602285
1.848487
1.683980
2.183156
0.569554
2.098741
2.120960
1.604411
0.628827
1.887707
1.909917
2.032873
0.592217
2.264613
1.799464
2.141406
0.636185
1.739723
2.021703
1.844884
0.621629
1.645864
2.109350
1.854613
0.594036
1.882640
1.900893
1.946494
0.605523
2.387407
1.882444
2.004671
0.626086
1.790201
1.908698
2.014313
0.593198
2.486826
1.963998
1.905914
0.590048
1.921094
2.146633
2.178238
0.588655
1.878346
1.694997
1.923038
0.626290
2.007095
1.909495
2.226970
0.604891
1.869862
2.030166
1.847083
0.624539
2.221174
1.821305
1.931147
0.618751
1.865588
1.964279
1.936327
0.592938
1.935002
1.925888
1.856822
0.618924
1.950716
2.106205
1.888059
0.616881
2.162099
1.716583
1.841608
0.608457
1.817670
1.760720
2.090048
0.636228
1.958036
1.757669
2.166525
0.603904
1.728686
1.826037
1.855277
0.593802
2.014286
2.007404
2.090502
0.602632
2.003861
1.650696
1.949946
0.606280
1.879560
1.805500
1.843750
0.619179
2.250447
1.828360
2.123981
0.608418
2.071754
1.868241
1.941130
0.597894
2.009408
1.805535
1.901719
0.603857
1.804904
2.124552
2.077332
0.601690
2.053406
1.760905
1.823781
0.599539
1.960616
1.752326
2.544622
0.603502
1.903003
1.681458
2.344376
0.615404
1.771072
1.758833
1.970975
0.636594
1.608371
1.816898
2.142409
0.631867
1.688892
1.735497
2.112526
0.612545
1.985520
1.844450
2.321094
0.611387
2.184332
1.997907
2.001748
0.609522
1.808797
1.873218
1.864671
0.614846
1.805290
1.907485
1.756746
0.610693
1.802414
1.970880
1.783793
2.471454
1.744394
1.929982
2.165918
0.620854
1.730987
1.827579
1.875861
0.601329
1.983478
1.985742
2.130760
0.611297
2.224343
1.764369
2.021906
0.643268
2.005069
1.966111
1.768126
0.598116
2.079571
2.003011
1.871837
0.600785
1.849876
1.942229
1.835183
0.595712
1.956166
1.818794
2.145532
2.139566
1.974265
1.667172
2.122449
0.599782
1.909805
2.159352
1.874724
0.616989
1.752720
2.184858
1.775008
0.610249
2.033520
1.908970
2.144013
2.164350
2.069505
2.048056
2.002786
0.588550
1.917852
1.806573
2.057654
0.623088
1.865992
1.670128
2.087932
0.596786
2.164882
1.687666
2.028221
0.602298
2.232056
2.202494
1.755843
0.588016
1.985106
1.863731
2.003225
0.635696
1.849014
2.034411
1.739350
0.613645
2.313927
1.985288
1.662944
0.585773
2.012160
2.114394
1.831850
0.625328
1.705434
1.728348
1.899178
0.604056
1.803919
2.116351
1.754630
0.612515
1.746169
1.970697
2.097466
0.630394
1.932668
1.904307
1.845569
0.597914
2.016911
1.894296
2.029600
0.609366
2.249825
1.869294
1.799197
0.615364
2.007390
2.165716
2.070097
0.608392
1.963541
1.702608
1.991592
0.609122
1.756319
1.887625
2.053400
0.615779
1.811377
2.110437
1.702142
