0.364858
0.142854
3841.614191
0.114834
0.221023
0.130732
4392.803428
0.143264
0.571975
0.139575
4406.620244
0.143836
0.775438
0.143356
3569.549767
0.158184
0.460251
0.146273
3456.162596
0.142223
0.452092
0.156574
4229.473830
0.142226
1.121316
0.146876
3581.599000
0.142539
0.279782
0.128212
4192.179627
0.123410
0.430284
0.181792
3226.665347
0.155477
0.503386
0.266572
3234.292711
0.892782
0.432341
0.143803
3625.361108
0.139030
0.446707
0.148523
4267.077003
0.136600
0.489169
0.146520
3964.697542
0.137315
0.287070
0.141729
3478.077231
0.115023
0.245972
0.245728
4539.363072
0.704398
0.275111
0.599707
4601.932003
0.952744
0.448096
0.129232
4464.290614
0.136270
0.757577
0.122640
4068.230957
0.125714
0.283719
0.160604
3693.893360
0.144480
0.485875
0.140969
4333.485426
0.137166
0.770677
0.132221
3865.088788
0.164586
0.421049
0.149775
4292.898721
0.131718
0.609292
0.156162
3940.378206
0.147534
0.335576
0.155353
3816.392659
0.145269
1.075624
0.180389
3205.797098
0.145128
0.456885
0.140827
3153.189291
0.125603
0.627750
0.168004
3923.319490
0.155052
0.406828
0.414225
3765.170310
1.086089
0.314309
0.135803
4129.132518
0.141807
0.517496
0.125610
3546.530164
0.150876
0.325417
0.143354
4669.224826
0.140702
0.815015
0.143802
3569.284393
0.144497
0.692154
0.151078
3100.194064
0.131050
0.226297
0.128504
4026.231600
0.127538
0.405356
0.579090
3931.857343
0.783908
0.434189
0.148957
4386.943695
0.141207
0.300947
0.147505
4324.572787
0.153029
0.491408
0.366174
3419.033803
1.103357
0.360521
0.150540
3424.166589
0.140687
0.273382
0.167135
3660.636470
0.126208
0.487275
0.151478
3879.454450
0.140794
0.345631
0.152395
4182.627826
0.143678
0.289998
0.159484
5088.045730
0.129606
0.330240
0.140476
3437.031859
0.164033
0.228206
0.648577
3502.273698
0.577660
0.682658
0.150830
4192.743276
0.148582
0.230373
0.135269
4010.017453
0.137691
0.637517
0.161332
4341.102199
0.142784
0.647272
0.137793
3331.455453
0.162180
0.250233
0.127699
4090.640558
0.158054
0.309842
0.149619
3821.675161
0.132120
0.345034
0.121756
3861.667718
0.145794
0.360398
0.139395
3878.001409
0.150848
0.479063
0.641524
4338.660488
0.970794
0.260220
0.400179
2143.420381
0.366636
0.319000
0.137370
3106.130937
0.133144
0.416302
0.117951
3766.327290
0.138920
0.434031
0.167667
4247.540724
0.137407
0.190739
0.139279
3939.538442
0.150907
0.455701
0.142730
3252.286295
0.157210
0.467862
0.138716
3215.270697
0.148117
0.695067
0.127096
4134.204077
0.135573
0.306430
0.155535
4287.208208
0.133018
0.367455
0.130027
3747.069262
0.161049
0.310471
0.328280
2730.808329
1.135143
0.271124
0.517685
4448.441092
0.328232
0.340867
0.165055
3581.281179
0.143491
0.730820
0.797872
2983.504902
1.168496
0.156006
0.136591
4321.662293
0.140924
0.415670
0.129415
4085.096661
0.118827
0.433567
0.144244
2966.163297
0.136451
0.170944
0.148187
4023.439417
0.141846
0.383255
0.148264
3789.973060
0.130137
0.444691
0.142402
3919.113289
0.160075
0.513615
0.168649
3490.328187
0.150938
0.337304
0.126345
4218.408063
0.128883
0.521266
0.146993
3683.125536
0.153512
0.460314
0.137256
3771.346971
0.139592
0.258949
0.158631
4486.445275
0.133702
0.357519
0.135632
4161.392326
0.158473
0.542319
0.146522
3665.352510
0.134815
0.237009
0.146452
4402.472761
0.125721
0.366656
0.138415
3635.898210
0.136631
0.338085
0.144460
3759.399663
0.133127
0.256451
0.224626
3752.000653
0.597805
0.332094
0.138655
4046.002324
0.114662
0.313375
0.462644
3487.396752
0.433567
3.088853
0.150654
4512.604115
0.141430
0.407236
0.183623
4670.324916
0.118224
0.264809
0.142512
4171.647956
0.149799
0.356028
0.497149
3802.665222
0.458530
0.293806
0.391278
4001.964379
0.457406
0.208369
0.134951
4225.478972
0.130126
0.424789
0.146291
3881.121094
0.135714
0.245322
0.135703
4454.545651
0.147673
0.571186
0.174841
3575.040693
0.136393
0.262198
0.164711
4473.861557
0.146453
0.200619
0.178989
3449.095059
0.157178
0.836423
0.127403
3224.459277
0.131973
0.607526
0.155456
3570.510021
0.137629
1.036440
0.174418
3746.095399
0.143512
0.155822
0.120627
3383.662971
0.151800
0.250036
0.143368
4032.186558
0.122024
0.263959
0.123862
3290.951292
0.148009
0.984234
0.144582
3633.639449
0.124167
0.354417
0.162782
2953.100569
0.119838
0.305428
0.125200
4839.004737
0.287080
0.302662
0.152703
3389.191574
0.144906
0.184633
0.142416
3355.075210
0.156018
0.411149
0.163457
3600.988901
0.154743
0.885477
0.158330
3760.194885
0.148855
0.841536
0.149342
3796.518944
0.146318
0.792612
0.165800
4581.290645
0.636655
0.258989
0.159458
4097.581825
0.144820
0.518241
0.157402
4727.566598
0.142629
0.506857
0.167288
3713.364108
0.139757
0.259207
0.160248
4139.993903
0.141953
0.334202
0.135874
3906.440685
0.125516
0.773068
0.146084
3698.606939
0.156598
0.321477
0.142777
3890.690540
0.135172
0.368118
0.147815
4971.038659
0.170719
0.241489
0.636029
2993.264860
0.338007
0.371154
0.156171
4174.007886
0.126173
0.516594
0.261876
816.248641
0.391396
0.382980
0.528116
3834.164202
0.483596
0.389564
0.138789
4180.920937
0.131407
0.206969
0.152535
3869.019126
0.159224
0.894912
0.138005
4731.414206
0.155307
0.369705
0.139787
4153.412462
0.131755
0.399294
0.316719
3575.978328
0.722894
0.331560
0.129669
3363.873734
0.130724
0.367097
0.163683
4441.822176
0.136316
0.346184
0.399571
4045.097136
0.734188
0.372565
0.645126
3903.006734
0.636855
0.400755
0.145085
4181.032797
0.114863
0.367021
0.137120
3344.891160
0.133200
0.952556
0.374021
3673.101409
0.637746
0.313030
0.183043
4031.469256
0.137356
0.649963
0.168704
3815.725358
0.128284
0.432565
0.140536
3318.931926
0.155909
0.913522
0.156527
3603.276291
0.139391
1.109374
0.121153
4534.559735
0.139437
0.766237
0.166012
4813.754806
0.142930
0.875275
0.151748
3159.491871
0.152064
0.499689
0.154486
4567.445241
0.140057
0.450412
0.154233
4225.162673
0.140235
0.240903
0.134305
4245.799762
0.131245
0.440282
0.156360
4673.957629
0.170414
0.319048
0.173378
3491.166972
0.143578
0.196119
0.139035
4103.885139
0.149184
0.592847
0.174149
3634.561458
0.152878
0.521189
0.168218
3869.880226
0.127435
0.610381
0.154296
3484.508808
0.126950
0.381466
0.142671
3545.336282
0.153273
0.321014
0.148377
3409.734354
0.134441
0.316572
0.173134
2802.447612
0.140877
0.321659
0.157875
3877.052465
1.254401
0.385427
0.289320
4296.063239
0.760131
0.549562
0.165637
3978.300537
0.130242
0.313097
0.249703
2974.540147
0.629717
0.399391
0.130883
3905.221721
0.131258
0.458048
0.145949
4054.303922
0.141254
0.926385
0.550504
3719.797838
1.096543
0.312408
0.154797
4243.919604
0.146923
0.284120
0.138148
4273.288742
0.138803
0.665976
0.151229
3989.003556
0.137412
1.834613
0.228600
3475.927371
0.751917
0.602057
0.138094
4054.753456
1.326034
0.344031
0.160379
2833.494621
0.142279
2.047171
0.171858
3509.242489
0.144632
0.549859
0.151558
4570.994310
0.146867
0.373130
0.162213
4041.141880
0.146532
0.253068
0.128493
3559.732785
0.131132
0.273683
0.155070
4461.909981
0.161313
0.278938
0.151884
4468.652669
0.143396
0.420474
0.118779
3406.505186
0.132993
0.306828
0.118251
4204.391127
0.152802
0.263109
0.135334
3289.086045
0.146646
0.367656
0.152124
3884.632452
0.146131
0.241512
0.140268
3356.254299
0.142249
0.322052
0.152900
3551.382644
0.157684
0.189314
0.166884
3181.839742
0.126023
0.193202
0.171910
3908.403780
0.141373
0.386996
0.292889
4030.920197
0.996288
0.487699
0.141947
3471.582629
0.161608
0.623755
0.119491
4240.016018
0.139555
0.320332
0.155210
4354.462893
0.124532
0.379272
0.124939
3882.170728
0.155055
0.338751
0.127824
4240.778921
0.155163
0.437469
0.493728
3843.268011
0.793949
0.255614
0.589851
4737.549471
0.603971
0.466078
0.135565
3841.086218
0.154052
0.259115
0.134434
3995.998782
0.144402
0.396044
0.160149
3704.886490
0.141046
0.239601
0.165757
4209.932974
0.129732
0.274244
0.755329
4261.680177
0.667393
0.464662
0.143369
3986.933512
0.150958
0.272518
0.169527
3403.151356
0.119036
0.827654
0.156666
4492.429086
0.132833
0.307399
0.126034
3853.214114
0.134127
0.439676
0.125209
3220.235213
0.130795
0.279104
0.148259
3266.246229
0.155864
0.353618
0.361540
4341.411789
0.679854
0.291849
0.157705
4696.441028
0.169362
0.535586
0.133163
3719.305855
0.127208
0.290647
0.112324
3938.826252
0.143814
0.398469
0.136111
4030.050022
0.157794
0.588898
0.140552
4156.589424
0.122424
0.581958
0.116139
3625.233881
0.154238
0.783266
0.317211
3149.891295
0.660140
0.547353
0.141078
3122.718322
0.141838
0.650455
0.148950
4214.772410
0.144213
